mask_bounds=-114.875025,31.312631,-109.000309,37.062525
blur_radius=20
