# Created with : D:\Ortho4XP\mask_region.py Colorado rel[admin_level=4][name=Colorado] 4326 0.0005 0.002 20
mask_bounds=-109.062526,36.9374612153,-101.9999712363,41.062525
blur_radius=20
