mask_bounds=-87.687528,24.5003318495,-79.9997457985,31.062525
blur_radius=2
