mask_bounds=-102.062531,36.937482,-94.562435,40.062522
blur_radius=20
