# Created with : D:\Ortho4XP\mask_region.py Kentucky rel[admin_level=4][name=Kentucky] 4326 0.0005 0.002 20
mask_bounds=-89.625029,36.4377799153,-81.9372467985,39.187523
blur_radius=20
