mask_bounds=-94.06253,28.87515,-88.812822,33.062524
blur_radius=20
