# Created with : D:\Ortho4XP\mask_region.py Montana rel[admin_level=4][name=Montana] 4326 0.0005 0.002 20
mask_bounds=-116.06253,44.3122307776,-103.9999523648,49.062522
blur_radius=20
