# Created with : D:\Ortho4XP\mask_region.py Nebraska rel[admin_level=4][name=Nebraska] 4326 0.005 0.06 1
mask_bounds=-104.062531,39.9372821265,-95.2500580628,43.062521
blur_radius=1
