mask_bounds=-75.562532,38.874992,-73.87519,41.375024
blur_radius=20
