# Created with : D:\Ortho4XP\mask_region.py New_Mexico_2016_1m rel[admin_level=4][name=New Mexico] 4326 0.0005 0.002 20
mask_bounds=-109.06253,31.3124108664,-102.9998001475,37.062527
blur_radius=20
