# Created with : D:\Ortho4XP\mask_region.py North_Carolina_2016_1m rel[admin_level=4][name=North Carolina] 4326 0.0005 0.002 20
mask_bounds=-84.375034,33.8123978454,-75.4376952383,36.625023
blur_radius=20
