mask_bounds=-104.062528,45.874615,-96.499572,49.062515
blur_radius=20
