mask_bounds=-80.562531,39.687664,-74.687815,42.312518
blur_radius=20
