# Created with : D:\Ortho4XP\mask_region.py Texas rel[admin_level=4][name=Texas] 4326 0.0005 0.002 20
mask_bounds=-106.68754,25.8123879949,-93.5002716291,36.562527
blur_radius=20
