# Created with : D:\Ortho4XP\mask_region.py Virginia rel[admin_level=4][name=Virginia] 4326 0.0005 0.002 20
mask_bounds=-83.687522,36.499652951,-75.1876627817,39.500026
blur_radius=20
