mask_bounds=-124.812523,45.500152,-116.875101,49.062518
blur_radius=20
