mask_bounds=-94.625028,32.999621,-89.624964,36.500025
blur_radius=20
