mask_bounds=-75.812526,38.437328,-74.999836,39.875026
blur_radius=20
