mask_bounds=-85.625032,30.312102,-80.81265,35.062522
blur_radius=20
