mask_bounds=-91.562525,36.937453,-87.437113,42.562525
blur_radius=20
