mask_bounds=-96.68753,40.374621,-90.124946,43.562521
blur_radius=20
