# Created with : D:\Ortho4XP\mask_region.py Maine rel[admin_level=4][name=Maine] 4326 0.0005 0.002 20
mask_bounds=-71.125029,42.937482672,-66.9370831454,47.500026
blur_radius=20
