# Created with : D:\Ortho4XP\mask_region.py Michigan rel[admin_level=4][name=Michigan] 4326 0.0005 0.002 20
mask_bounds=-90.437527,41.6878258495,-82.375147325,48.250019
blur_radius=20
