mask_bounds=-97.25003,43.437081,-89.43743,49.437517
blur_radius=20
