# Created with : D:\Ortho4XP\mask_region.py Mississippi rel[admin_level=4][name=Mississippi] 4326 0.0005 0.002 20
mask_bounds=-91.687525,30.1248699531,-88.0628228286,35.000027
blur_radius=20
