# Created with : D:\Ortho4XP\mask_region.py Missouri rel[admin_level=4][name=Missouri] 4326 0.0005 0.002 20
mask_bounds=-95.81252,35.9376108475,-89.0625789551,40.62502
blur_radius=20
