mask_bounds=-120.062532,34.999753,-114.000134,42.062523
blur_radius=2
