mask_bounds=-79.812527,40.437824,-71.812245,45.062524
blur_radius=20
