mask_bounds=-84.875029,38.374798,-80.499973,42.000024
blur_radius=20
