mask_bounds=-103.062526,33.562124,-94.375274,37.062528
blur_radius=20
