# Created with : D:\Ortho4XP\mask_region.py Oregon rel[admin_level=4][name=Oregon] 4326 0.0005 0.002 20
mask_bounds=-124.625034,41.9377235663,-116.4377885005,46.312519
blur_radius=20
