# Created with : D:\Ortho4XP\mask_region.py Rhode_Island_2016_60cm rel[admin_level=4][name=Rhode Island] 4326 0.0005 0.002 20
mask_bounds=-71.937525,41.1246808434,-71.0625659133,42.062522
blur_radius=20
