# Created with : D:\Ortho4XP\mask_region.py South_Dakota_2016_60cm rel[admin_level=4][name=South Dakota] 4326 0.0005 0.002 20
mask_bounds=-104.062531,42.4373045832,-96.3747487985,46.000023
blur_radius=20
