mask_bounds=-83.375029,32.000164,-78.499787,35.250026
blur_radius=20
