# Created with : D:\Ortho4XP\mask_region.py Tennessee rel[admin_level=4][name=Tennessee] 4326 0.0005 0.002 20
mask_bounds=-90.312533,34.9376098265,-81.6249258873,36.687528
blur_radius=20
