# Created with : D:\Ortho4XP\mask_region.py Utah rel[admin_level=4][name=Utah] 4326 0.0005 0.002 20
mask_bounds=-114.062539,36.9376363041,-108.9996340587,42.062525
blur_radius=20
