# Created with : D:\Ortho4XP\mask_region.py Vermont rel[admin_level=4][name=Vermont] 4326 0.0005 0.002 20
mask_bounds=-73.500026,42.6873753888,-71.4374941077,45.062521
blur_radius=20
