mask_bounds=-92.93753,42.437462,-86.75031,47.125022
blur_radius=20
